Pipe Handle: Control Pipe
 1A 03 30 00 30 00 30 00 30 00 30 00 30 00 30 00   ..0.0.0.0.0.0.0.
 30 00 30 00 30 00 31 00 41 00                     0.0.0.1.A.
Setup Packet
 80 06 03 03 09 04 02 04                           €.......

Pipe Handle: Control Pipe
 20 03 4E 00 5A 00 58 00 54 00 20 00 55 00 53 00    .N.Z.X.T. .U.S.
 42 00 20 00 44 00 65 00 76 00 69 00 63 00 65 00   B. .D.e.v.i.c.e.

Setup Packet
 80 06 02 03 09 04 02 04                           €.......


first up
 11 01 2A 00 39 00 0D 57 41 47 35 32 36 20 06 20   ..*.9..WAG526 . 
 01 01 05 00 00 00 00 00 00 00 00 00 00 00 00 00   ................
 00 00 00 00 00 00 00 00 00 00 00 00 00 00 00 00   ................
 00 00 00 00 00 00 00 00 00 00 00 00 00 00 00 00   ................

second up
 61 03 2A 00 39 00 0D 57 41 47 35 32 36 20 03 00   a.*.9..WAG526 ..
 02 01 01 00 00 00 00 00 00 00 00 00 00 00 00 00   ................
 00 00 00 00 00 00 00 00 00 00 00 00 00 00 00 00   ................
 00 00 00 00 00 00 00 00 00 00 00 00 00 00 00 00   ................

third up
21 03 2A 00 39 00 0D 57 41 47 35 32 36 20 02 0C    !.*.9..WAG526 ..
 0C 00 00 00 00 04 00 00 00 00 00 00 00 00 00 00   ................
 00 00 00 00 00 00 00 00 00 00 00 00 00 00 00 00   ................
 00 00 00 00 00 00 00 00 00 00 00 00 00 00 00 00   ................

status update 1
67 02 2A 00 39 00 0D 57 41 47 35 32 36 20 03 00    g.*.9..WAG526 ..
 02 01 01 00 00 00 00 00 47 03 A1 04 6F 03 00 00   ........G.¡.o...
 00 00 00 00 00 00 00 00 32 32 32 00 00 00 00 00   ........222.....
 32 32 32 00 00 00 00 00 32 00 00 00 00 00 00 00   222.....2.......

status update 2
67 04 2A 00 39 00 0D 57 41 47 35 32 36 20 03 00    g.*.9..WAG526 ..
 02 01 01 00 00 00 00 00 DE 2F 06 25 21 21 00 00   ........Þ/.%!!..
 00 00 00 00 00 00 00 00 AF 00 59 00 8B 00 00 00   ........¯.Y.‹...
 00 00 00 00 00 00 00 00 00 00 00 00 00 00 00 00   ................
